A10300		41	0	0	0	0	0
A10303		28	0	0	0	0	0
A10304		41	0	0	0	0	0
A10308		41	0	0	0	0	0
A10310		41	0	0	0	0	0
A10318		41	0	0	0	0	0
A10324		42	0	0	0	0	0
A1032C		42	0	0	0	0	0
A10338		42	0	0	0	0	0
A10344		41	0	0	0	0	0
A1034C		41	0	0	0	0	0
A10354		41	0	0	0	0	0
A10360		41	0	0	0	0	0
A1036C		41	0	0	0	0	0
A10374		1	0	0	0	0	0
A10388		94	0	0	0	0	0
A1039C		66	0	0	0	0	0
A103B0		169	0	0	0	0	0
A103C4		169	0	0	0	0	0
A10307		228	0	0	0	0	0
A10100		41	0	0	0	0	0
A10103		252	0	0	0	0	0
A10104		41	0	0	0	0	0
A10108		41	0	0	0	0	0
A102C8		159	0	0	0	0	0
A10210		41	0	0	0	0	0
A10118		41	0	0	0	0	0
A10124		41	0	0	0	0	0
A1012C		41	0	0	0	0	0
A10138		41	0	0	0	0	0
A10144		41	0	0	0	0	0
A1014C		41	0	0	0	0	0
A10154		41	0	0	0	0	0
A10160		41	0	0	0	0	0
A1026C		41	0	0	0	0	0
A10174		2	0	0	0	0	0
A10188		70	0	0	0	0	0
A1019C		70	0	0	0	0	0
A101B0		194	0	0	0	0	0
A101C4		70	0	0	0	0	0
A10600		41	0	0	0	0	0
A10704		41	0	0	0	0	0
A10908		41	0	0	0	0	0
A10710		41	0	0	0	0	0
A10918		41	0	0	0	0	0
A10624		41	0	0	0	0	0
A1072C		41	0	0	0	0	0
A10738		41	0	0	0	0	0
A10644		4	0	0	0	0	0
A1094C		5	0	0	0	0	0
A10707		236	0	0	0	0	0
A10754		6	0	0	0	0	0
A10760		41	0	0	0	0	0
A1076C		41	0	0	0	0	0
A10774		7	0	0	0	0	0
A10788		21	0	0	0	0	0
A1079C		74	0	0	0	0	0
A107B0		74	0	0	0	0	0
A107C4		74	0	0	0	0	0
A10A00		41	0	0	0	0	0
A10A04		41	0	0	0	0	0
A10A08		41	0	0	0	0	0
A10B10		41	0	0	0	0	0
A10B18		41	0	0	0	0	0
A10B24		41	0	0	0	0	0
A10A2C		41	0	0	0	0	0
A10A38		41	0	0	0	0	0
A10A0B		244	0	0	0	0	0
A10B07		248	0	0	0	0	0
A10B44		41	0	0	0	0	0
A10A4C		3	0	0	0	0	0
A10B54		41	0	0	0	0	0
A10B60		41	0	0	0	0	0
A10B6C		41	0	0	0	0	0
A10A74		13	0	0	0	0	0
A10B88		102	0	0	0	0	0
A10B9C		22	0	0	0	0	0
A10BB0		147	0	0	0	0	0
A10BC4		147	0	0	0	0	0
910D00		41	0	0	0	0	0
910D04		41	0	0	0	0	0
910D08		120	0	0	0	0	0
910D10		121	0	0	0	0	0
910D18		122	0	0	0	0	0
910D24		41	0	0	0	0	0
910D2C		41	0	0	0	0	0
910D38		123	0	0	0	0	0
910D44		41	0	0	0	0	0
910D4C		124	0	0	0	0	0
910D54		125	0	0	0	0	0
910D60		126	0	0	0	0	0
910D6C		8	0	0	0	0	0
910D74		98	0	0	0	0	0
910D88		127	0	0	0	0	0
910D9C		131	0	0	0	0	0
910DB0		189	0	0	0	0	0
910DC4		531	0	0	0	0	0
910D07		220	0	0	0	0	0
A10E00		41	0	0	0	0	0
A10E04		41	0	0	0	0	0
A10E07		232	0	0	0	0	0
A10E08		41	0	0	0	0	0
A10E10		41	0	0	0	0	0
A10E18		41	0	0	0	0	0
A10E24		41	0	0	0	0	0
A10E2C		41	0	0	0	0	0
A10E38		41	0	0	0	0	0
A10E44		41	0	0	0	0	0
A10E4C		41	0	0	0	0	0
A10E54		41	0	0	0	0	0
A10E60		12	0	0	0	0	0
A10E6C		41	0	0	0	0	0
A10E74		86	0	0	0	0	0
A10E88		23	0	0	0	0	0
A10E9C		179	0	0	0	0	0
A10EB0		189	0	0	0	0	0
A10EC4		70	0	0	0	0	0
A10F00		41	0	0	0	0	0
A10F03		256	0	0	0	0	0
A10F04		41	0	0	0	0	0
A10F08		41	0	0	0	0	0
A10F10		41	0	0	0	0	0
A10F18		41	0	0	0	0	0
A11024		41	0	0	0	0	0
A10F2C		41	0	0	0	0	0
A11038		41	0	0	0	0	0
A10F44		41	0	0	0	0	0
A10F4C		14	0	0	0	0	0
A11054		15	0	0	0	0	0
A1090B		224	0	0	0	0	0
A10F60		16	0	0	0	0	0
A1106C		17	0	0	0	0	0
A10F74		90	0	0	0	0	0
A11088		106	0	0	0	0	0
A110B0		174	0	0	0	0	0
A10F9C		24	0	0	0	0	0
A10FB0		155	0	0	0	0	0
A10FC4		112	0	0	0	0	0
A11007		240	0	0	0	0	0
A11100		41	0	0	0	0	0
A11602		41	0	0	0	0	0
A11804		41	0	0	0	0	0
A11308		41	0	0	0	0	0
A1130C		41	0	0	0	0	0
A11207		219	0	0	0	0	0
A11212		18	0	0	0	0	0
A11116		41	0	0	0	0	0
A1131C		41	0	0	0	0	0
A11322		41	0	0	0	0	0
A11226		41	0	0	0	0	0
A11611		218	0	0	0	0	0
A1112A		41	0	0	0	0	0
A11330		19	0	0	0	0	0
A11136		9	0	0	0	0	0
A1133A		10	0	0	0	0	0
A11344		41	0	0	0	0	0
A1134E		41	0	0	0	0	0
A11358		41	0	0	0	0	0
A11362		41	0	0	0	0	0
A11A0F		215	0	0	0	0	0
411462		41	0	0	0	0	0
411480		41	0	0	0	0	0
411586		41	0	0	0	0	0
41148A		41	0	0	0	0	0
41148E		41	0	0	0	0	0
411494		41	0	0	0	0	0
41179A		41	0	0	0	0	0
41159E		41	0	0	0	0	0
4114A8		41	0	0	0	0	0
4114B2		41	0	0	0	0	0
4114BC		41	0	0	0	0	0
4114C6		41	0	0	0	0	0
411407		214	0	0	0	0	0
411707		217	0	0	0	0	0
411507		216	0	0	0	0	0
A1130B		213	0	0	0	0	0
A10500		41	0	0	0	0	0
A10501		41	0	0	0	0	0
A10502		41	0	0	0	0	0
A10503		41	0	0	0	0	0
A10504		41	0	0	0	0	0
A10505		41	0	0	0	0	0
A10506		41	0	0	0	0	0
A10507		41	0	0	0	0	0
A10508		41	0	0	0	0	0
A10509		41	0	0	0	0	0
A1080A		41	0	0	0	0	0
A1080B		41	0	0	0	0	0
A1080C		41	0	0	0	0	0
A1080D		41	0	0	0	0	0
A1080E		41	0	0	0	0	0
A1080F		41	0	0	0	0	0
A10810		41	0	0	0	0	0
A10811		41	0	0	0	0	0
A10812		41	0	0	0	0	0
A10813		41	0	0	0	0	0
412000		160	0	0	0	0	0
412074		160	0	0	0	0	0
41209C		160	0	0	0	0	0
4120C4		160	0	0	0	0	0
900700		41	0	0	0	0	0
900704		41	0	0	0	0	0
900708		41	0	0	0	0	0
90070C		41	0	0	0	0	0
900710		41	0	0	0	0	0
900714		41	0	0	0	0	0
900718		41	0	0	0	0	0
90071C		41	0	0	0	0	0
900720		41	0	0	0	0	0
900724		139	0	0	0	0	0
900728		140	0	0	0	0	0
90072C		41	0	0	0	0	0
90072E		41	0	0	0	0	0
90072F		41	0	0	0	0	0
900730		41	0	0	0	0	0
900731		41	0	0	0	0	0
900732		41	0	0	0	0	0
900733		41	0	0	0	0	0
900734		41	0	0	0	0	0
900735		41	0	0	0	0	0
900736		41	0	0	0	0	0
900737		41	0	0	0	0	0
900738		41	0	0	0	0	0
900739		41	0	0	0	0	0
90073C		41	0	0	0	0	0
90073D		41	0	0	0	0	0
90073E		41	0	0	0	0	0
90073F		41	0	0	0	0	0
900740		41	0	0	0	0	0
900741		41	0	0	0	0	0
900742		41	0	0	0	0	0
900743		41	0	0	0	0	0
900744		41	0	0	0	0	0
900745		41	0	0	0	0	0
900746		41	0	0	0	0	0
900747		41	0	0	0	0	0
900748		146	0	0	0	0	0
900749		41	0	0	0	0	0
90074B		41	0	0	0	0	0
90074C		41	0	0	0	0	0
90074D		41	0	0	0	0	0
90074E		41	0	0	0	0	0
90074F		41	0	0	0	0	0
900750		41	0	0	0	0	0
900751		41	0	0	0	0	0
900752		41	0	0	0	0	0
900753		41	0	0	0	0	0
900754		610	0	0	0	0	0
400754		41	0	0	0	0	0
400755		41	0	0	0	0	0
400756		41	0	0	0	0	0
400757		41	0	0	0	0	0
400758		41	0	0	0	0	0
400759		41	0	0	0	0	0
40075C		41	0	0	0	0	0
40075D		41	0	0	0	0	0
40075E		41	0	0	0	0	0
40075F		41	0	0	0	0	0
400760		41	0	0	0	0	0
400761		41	0	0	0	0	0
400762		41	0	0	0	0	0
400763		41	0	0	0	0	0
400764		41	0	0	0	0	0
400765		41	0	0	0	0	0
400766		41	0	0	0	0	0
400767		41	0	0	0	0	0
400768		41	0	0	0	0	0
400769		41	0	0	0	0	0
40076C		110	0	0	0	0	0
40076D		41	0	0	0	0	0
40076E		41	0	0	0	0	0
40076F		41	0	0	0	0	0
400770		41	0	0	0	0	0
400771		41	0	0	0	0	0
400772		41	0	0	0	0	0
400773		41	0	0	0	0	0
400774		111	0	0	0	0	0
400775		41	0	0	0	0	0
400776		41	0	0	0	0	0
400777		41	0	0	0	0	0
400778		41	0	0	0	0	0
400779		41	0	0	0	0	0
40077C		41	0	0	0	0	0
40077D		41	0	0	0	0	0
40077E		41	0	0	0	0	0
40077F		41	0	0	0	0	0
400780		41	0	0	0	0	0
400781		41	0	0	0	0	0
400782		41	0	0	0	0	0
400783		41	0	0	0	0	0
400784		141	0	0	0	0	0
400785		41	0	0	0	0	0
400786		41	0	0	0	0	0
400787		41	0	0	0	0	0
400788		41	0	0	0	0	0
400789		41	0	0	0	0	0
40078C		41	0	0	0	0	0
40078D		41	0	0	0	0	0
40078E		41	0	0	0	0	0
40078F		41	0	0	0	0	0
400790		41	0	0	0	0	0
400791		41	0	0	0	0	0
400792		41	0	0	0	0	0
400793		41	0	0	0	0	0
400794		143	0	0	0	0	0
400795		41	0	0	0	0	0
400796		41	0	0	0	0	0
400797		41	0	0	0	0	0
400798		41	0	0	0	0	0
400799		41	0	0	0	0	0
40079C		41	0	0	0	0	0
40079D		41	0	0	0	0	0
40079E		41	0	0	0	0	0
40079F		41	0	0	0	0	0
4007A0		41	0	0	0	0	0
4007A1		41	0	0	0	0	0
4007A2		41	0	0	0	0	0
4007A3		41	0	0	0	0	0
4007A4		41	0	0	0	0	0
4007A5		41	0	0	0	0	0
4007A6		41	0	0	0	0	0
4007A7		41	0	0	0	0	0
41172A		144	0	0	0	0	0
41174E		145	0	0	0	0	0
411536		41	0	0	0	0	0
411562		41	0	0	0	0	0
A10500		41	0	0	0	0	0
A10501		41	0	0	0	0	0
A10502		41	0	0	0	0	0
A10503		41	0	0	0	0	0
A10504		41	0	0	0	0	0
A10505		41	0	0	0	0	0
A10506		41	0	0	0	0	0
A10507		41	0	0	0	0	0
A10508		41	0	0	0	0	0
A10509		41	0	0	0	0	0
A1080A		41	0	0	0	0	0
A1080B		41	0	0	0	0	0
A1080C		41	0	0	0	0	0
A1080D		41	0	0	0	0	0
A1080E		41	0	0	0	0	0
A1080F		41	0	0	0	0	0
A10810		41	0	0	0	0	0
A10811		41	0	0	0	0	0
A10812		41	0	0	0	0	0
A10813		41	0	0	0	0	0
711C00		41	0	0	0	0	0
811C01		41	0	0	0	0	0
411C02		41	0	0	0	0	0
A1032C		41	0	0	0	0	0
A10300		41	0	0	0	0	0
A10100		41	0	0	0	0	0
A10600		41	0	0	0	0	0
A10A00		41	0	0	0	0	0
910D00		41	0	0	0	0	0
A10E00		41	0	0	0	0	0
A10F00		41	0	0	0	0	0
A11100		41	0	0	0	0	0
711C00		41	0	0	0	0	0
811C01		41	0	0	0	0	0
411C02		41	0	0	0	0	0
410A00		41	0	0	0	0	0
411100		41	0	0	0	0	0
700600		260	0	0	0	0	263
800600		261	0	0	0	0	264
400600		262	0	0	0	0	0
700601		260	0	0	0	0	263
800601		261	0	0	0	0	264
400601		262	0	0	0	0	0
400013		612	0	0	0	0	0
400213		612	0	0	0	0	0
400313		612	0	0	0	0	0
400413		612	0	0	0	0	0
400513		612	0	0	0	0	0
700013		613	0	0	0	0	613
700213		613	0	0	0	0	613
700313		613	0	0	0	0	613
700413		613	0	0	0	0	613
700513		613	0	0	0	0	613
800013		614	0	0	0	0	614
800213		614	0	0	0	0	614
800313		614	0	0	0	0	614
800413		614	0	0	0	0	614
800513		614	0	0	0	0	614
400014		612	0	0	0	0	0
400214		612	0	0	0	0	0
400314		612	0	0	0	0	0
400414		612	0	0	0	0	0
400514		612	0	0	0	0	0
700014		613	0	0	0	0	613
700214		613	0	0	0	0	613
700314		613	0	0	0	0	613
700414		613	0	0	0	0	613
700514		613	0	0	0	0	613
800014		614	0	0	0	0	614
800214		614	0	0	0	0	614
800314		614	0	0	0	0	614
800414		614	0	0	0	0	614
800514		614	0	0	0	0	614
400015		612	0	0	0	0	0
400215		612	0	0	0	0	0
400315		612	0	0	0	0	0
400415		612	0	0	0	0	0
400515		612	0	0	0	0	0
700015		613	0	0	0	0	613
700215		613	0	0	0	0	613
700315		613	0	0	0	0	613
700415		613	0	0	0	0	613
700515		613	0	0	0	0	613
800015		614	0	0	0	0	614
800215		614	0	0	0	0	614
800315		614	0	0	0	0	614
800415		614	0	0	0	0	614
800515		614	0	0	0	0	614
400016		615	0	0	0	0	0
400216		615	0	0	0	0	0
400316		615	0	0	0	0	0
400416		615	0	0	0	0	0
400516		615	0	0	0	0	0
700016		615	0	0	0	0	615
700216		615	0	0	0	0	615
700316		615	0	0	0	0	615
700416		615	0	0	0	0	615
700516		615	0	0	0	0	615
800016		615	0	0	0	0	615
800216		615	0	0	0	0	615
800316		615	0	0	0	0	615
800416		615	0	0	0	0	615
800516		615	0	0	0	0	615
400017		615	0	0	0	0	0
400217		615	0	0	0	0	0
400317		615	0	0	0	0	0
400417		615	0	0	0	0	0
400517		615	0	0	0	0	0
700017		615	0	0	0	0	615
700217		615	0	0	0	0	615
700317		615	0	0	0	0	615
700417		615	0	0	0	0	615
700517		615	0	0	0	0	615
800017		615	0	0	0	0	615
800217		615	0	0	0	0	615
800317		615	0	0	0	0	615
800417		615	0	0	0	0	615
800517		615	0	0	0	0	615
400018		615	0	0	0	0	0
400218		615	0	0	0	0	0
400318		615	0	0	0	0	0
400418		615	0	0	0	0	0
400518		615	0	0	0	0	0
700018		615	0	0	0	0	615
700218		615	0	0	0	0	615
700318		615	0	0	0	0	615
700418		615	0	0	0	0	615
700518		615	0	0	0	0	615
800018		615	0	0	0	0	615
800218		615	0	0	0	0	615
800318		615	0	0	0	0	615
800418		615	0	0	0	0	615
800518		615	0	0	0	0	615
400065		616	0	0	0	0	0
400265		616	0	0	0	0	0
400365		616	0	0	0	0	0
400465		616	0	0	0	0	0
400565		616	0	0	0	0	0
700065		616	0	0	0	0	616
700265		616	0	0	0	0	616
700365		616	0	0	0	0	616
700465		616	0	0	0	0	616
700565		616	0	0	0	0	616
800065		616	0	0	0	0	616
800265		616	0	0	0	0	616
800365		616	0	0	0	0	616
800465		616	0	0	0	0	616
800565		616	0	0	0	0	616
400066		617	0	0	0	0	0
400266		617	0	0	0	0	0
400366		617	0	0	0	0	0
400466		617	0	0	0	0	0
400566		617	0	0	0	0	0
700066		617	0	0	0	0	617
700266		617	0	0	0	0	617
700366		617	0	0	0	0	617
700466		617	0	0	0	0	617
700566		617	0	0	0	0	617
800066		617	0	0	0	0	617
800266		617	0	0	0	0	617
800366		617	0	0	0	0	617
800466		617	0	0	0	0	617
800566		617	0	0	0	0	617
400067		618	0	0	0	0	0
400267		618	0	0	0	0	0
400367		618	0	0	0	0	0
400467		618	0	0	0	0	0
400567		618	0	0	0	0	0
700067		618	0	0	0	0	618
700267		618	0	0	0	0	618
700367		618	0	0	0	0	618
700467		618	0	0	0	0	618
700567		618	0	0	0	0	618
800067		618	0	0	0	0	618
800267		618	0	0	0	0	618
800367		618	0	0	0	0	618
800467		618	0	0	0	0	618
800567		618	0	0	0	0	618
A10356		619	0	0	0	0	619
A10156		619	0	0	0	0	619
A10756		619	0	0	0	0	619
A10956		619	0	0	0	0	619
A10B56		619	0	0	0	0	619
A10A56		619	0	0	0	0	619
910D56		619	0	0	0	0	619
A10E56		619	0	0	0	0	619
A10F56		620	0	0	0	0	620
A11056		620	0	0	0	0	620
A11256		620	0	0	0	0	620
A11156		620	0	0	0	0	620
A11656		620	0	0	0	0	620
411456		619	0	0	0	0	619
411756		619	0	0	0	0	619
412056		619	0	0	0	0	619
411565		619	0	0	0	0	619
A10565		620	0	0	0	0	620
400059		621	0	0	0	0	0
400259		621	0	0	0	0	0
400359		621	0	0	0	0	0
400459		621	0	0	0	0	0
400559		621	0	0	0	0	0
700059		621	0	0	0	0	621
700259		621	0	0	0	0	621
700359		621	0	0	0	0	621
700459		621	0	0	0	0	621
700559		621	0	0	0	0	621
800059		621	0	0	0	0	621
800259		621	0	0	0	0	621
800359		621	0	0	0	0	621
800459		621	0	0	0	0	621
800559		621	0	0	0	0	621
400674		622	0	0	0	0	0
700674		622	0	0	0	0	622
800674		622	0	0	0	0	622
4006A9		748	0	0	0	0	0
7006A9		748	0	0	0	0	748
8006A9		748	0	0	0	0	748
4006A0		624	0	0	0	0	0
7006A0		624	0	0	0	0	624
8006A0		624	0	0	0	0	624
4006A7		625	0	0	0	0	0
7006A7		625	0	0	0	0	625
8006A7		625	0	0	0	0	625
40000D		537	0	0	0	0	0
40020D		538	0	0	0	0	0
40030D		539	0	0	0	0	0
40040D		540	0	0	0	0	0
40050D		541	0	0	0	0	0
40000E		549	0	0	0	0	0
40020E		550	0	0	0	0	0
40030E		551	0	0	0	0	0
40040E		552	0	0	0	0	0
40050E		553	0	0	0	0	0
40000F		554	0	0	0	0	0
40020F		555	0	0	0	0	0
40030F		556	0	0	0	0	0
40040F		557	0	0	0	0	0
40050F		558	0	0	0	0	0
70000D		569	0	0	0	0	543
70020D		570	0	0	0	0	544
70030D		571	0	0	0	0	545
70040D		572	0	0	0	0	546
70050D		573	0	0	0	0	547
70000E		574	0	0	0	0	559
70020E		575	0	0	0	0	560
70030E		576	0	0	0	0	561
70040E		577	0	0	0	0	562
70050E		578	0	0	0	0	563
70000F		579	0	0	0	0	564
70020F		580	0	0	0	0	565
70030F		581	0	0	0	0	566
70040F		582	0	0	0	0	567
70050F		583	0	0	0	0	568
80020D		597	0	0	0	0	585
80030D		598	0	0	0	0	586
80040D		599	0	0	0	0	587
80050D		600	0	0	0	0	588
80020E		601	0	0	0	0	589
80030E		602	0	0	0	0	590
80040E		603	0	0	0	0	591
80050E		604	0	0	0	0	592
80020F		605	0	0	0	0	593
80030F		606	0	0	0	0	594
80040F		607	0	0	0	0	595
80050F		608	0	0	0	0	596
400007		637	0	0	0	0	0
400207		637	0	0	0	0	0
400307		637	0	0	0	0	0
400407		637	0	0	0	0	0
400507		637	0	0	0	0	0
700007		637	0	0	0	0	637
700207		637	0	0	0	0	637
700307		637	0	0	0	0	637
700407		637	0	0	0	0	637
700507		637	0	0	0	0	637
800007		637	0	0	0	0	637
800207		637	0	0	0	0	637
800307		637	0	0	0	0	637
800407		637	0	0	0	0	637
800507		637	0	0	0	0	637
400008		637	0	0	0	0	0
400208		637	0	0	0	0	0
400308		637	0	0	0	0	0
400408		637	0	0	0	0	0
400508		637	0	0	0	0	0
700008		637	0	0	0	0	637
700208		637	0	0	0	0	637
700308		637	0	0	0	0	637
700408		637	0	0	0	0	637
700508		637	0	0	0	0	637
800008		637	0	0	0	0	637
800208		637	0	0	0	0	637
800308		637	0	0	0	0	637
800408		637	0	0	0	0	637
800508		637	0	0	0	0	637
400009		637	0	0	0	0	0
400209		637	0	0	0	0	0
400309		637	0	0	0	0	0
400409		637	0	0	0	0	0
400509		637	0	0	0	0	0
700009		637	0	0	0	0	637
700209		637	0	0	0	0	637
700309		637	0	0	0	0	637
700409		637	0	0	0	0	637
700509		637	0	0	0	0	637
800009		637	0	0	0	0	637
800209		637	0	0	0	0	637
800309		637	0	0	0	0	637
800409		637	0	0	0	0	637
800509		637	0	0	0	0	637
400074		627	0	0	0	0	0
400274		627	0	0	0	0	0
400374		627	0	0	0	0	0
400474		627	0	0	0	0	0
400574		627	0	0	0	0	0
700074		627	0	0	0	0	627
700274		627	0	0	0	0	627
700374		627	0	0	0	0	627
700474		627	0	0	0	0	627
700574		627	0	0	0	0	627
800074		627	0	0	0	0	627
800274		627	0	0	0	0	627
800374		627	0	0	0	0	627
800474		627	0	0	0	0	627
800574		627	0	0	0	0	627
400075		627	0	0	0	0	0
400275		627	0	0	0	0	0
400375		627	0	0	0	0	0
400475		627	0	0	0	0	0
400575		627	0	0	0	0	0
700075		627	0	0	0	0	627
700275		627	0	0	0	0	627
700375		627	0	0	0	0	627
700475		627	0	0	0	0	627
700575		627	0	0	0	0	627
800075		627	0	0	0	0	627
800275		627	0	0	0	0	627
800375		627	0	0	0	0	627
800475		627	0	0	0	0	627
800575		627	0	0	0	0	627
400076		627	0	0	0	0	0
400276		627	0	0	0	0	0
400376		627	0	0	0	0	0
400476		627	0	0	0	0	0
400576		627	0	0	0	0	0
700076		627	0	0	0	0	627
700276		627	0	0	0	0	627
700376		627	0	0	0	0	627
700476		627	0	0	0	0	627
700576		627	0	0	0	0	627
800076		627	0	0	0	0	627
800276		627	0	0	0	0	627
800376		627	0	0	0	0	627
800476		627	0	0	0	0	627
800576		627	0	0	0	0	627
400083		626	0	0	0	0	0
400283		626	0	0	0	0	0
400383		626	0	0	0	0	0
400483		626	0	0	0	0	0
400583		626	0	0	0	0	0
700083		626	0	0	0	0	626
700283		626	0	0	0	0	626
700383		626	0	0	0	0	626
700483		626	0	0	0	0	626
700583		626	0	0	0	0	626
800083		626	0	0	0	0	626
800283		626	0	0	0	0	626
800383		626	0	0	0	0	626
800483		626	0	0	0	0	626
800583		626	0	0	0	0	626
400084		626	0	0	0	0	0
400284		626	0	0	0	0	0
400384		626	0	0	0	0	0
400484		626	0	0	0	0	0
400584		626	0	0	0	0	0
700084		626	0	0	0	0	626
700284		626	0	0	0	0	626
700384		626	0	0	0	0	626
700484		626	0	0	0	0	626
700584		626	0	0	0	0	626
800084		626	0	0	0	0	626
800284		626	0	0	0	0	626
800384		626	0	0	0	0	626
800484		626	0	0	0	0	626
800584		626	0	0	0	0	626
400085		626	0	0	0	0	0
400285		626	0	0	0	0	0
400385		626	0	0	0	0	0
400485		626	0	0	0	0	0
400585		626	0	0	0	0	0
700085		626	0	0	0	0	626
700285		626	0	0	0	0	626
700385		626	0	0	0	0	626
700485		626	0	0	0	0	626
700585		626	0	0	0	0	626
800085		626	0	0	0	0	626
800285		626	0	0	0	0	626
800385		626	0	0	0	0	626
800485		626	0	0	0	0	626
800585		626	0	0	0	0	626
400082		628	0	0	0	0	0
400282		628	0	0	0	0	0
400382		628	0	0	0	0	0
400482		628	0	0	0	0	0
400582		628	0	0	0	0	0
700082		628	0	0	0	0	628
700282		628	0	0	0	0	628
700382		628	0	0	0	0	628
700482		628	0	0	0	0	628
700582		628	0	0	0	0	628
800082		628	0	0	0	0	628
800282		628	0	0	0	0	628
800382		628	0	0	0	0	628
800482		628	0	0	0	0	628
800582		628	0	0	0	0	628
4006B1		633	0	0	0	0	0
7006B1		632	0	0	0	0	632
8006B1		628	0	0	0	0	628
400001		661	0	0	0	0	0
400201		662	0	0	0	0	0
400301		663	0	0	0	0	0
400401		664	0	0	0	0	0
400501		665	0	0	0	0	0
400002		666	0	0	0	0	0
400202		667	0	0	0	0	0
400302		668	0	0	0	0	0
400402		669	0	0	0	0	0
400502		670	0	0	0	0	0
400003		671	0	0	0	0	0
400203		672	0	0	0	0	0
400303		673	0	0	0	0	0
400403		674	0	0	0	0	0
400503		675	0	0	0	0	0
700001		676	0	0	0	0	677
700201		678	0	0	0	0	679
700301		680	0	0	0	0	681
700401		682	0	0	0	0	683
700501		684	0	0	0	0	685
700002		686	0	0	0	0	687
700202		688	0	0	0	0	689
700302		690	0	0	0	0	691
700402		692	0	0	0	0	693
700502		694	0	0	0	0	695
700003		696	0	0	0	0	697
700203		698	0	0	0	0	699
700303		700	0	0	0	0	701
700403		702	0	0	0	0	703
700503		704	0	0	0	0	705
800001		706	0	0	0	0	707
800201		708	0	0	0	0	709
800301		710	0	0	0	0	711
800401		712	0	0	0	0	713
800501		714	0	0	0	0	715
800002		716	0	0	0	0	717
800202		718	0	0	0	0	719
800302		720	0	0	0	0	721
800402		722	0	0	0	0	723
800502		724	0	0	0	0	725
800003		726	0	0	0	0	727
800203		728	0	0	0	0	729
800303		730	0	0	0	0	731
800403		732	0	0	0	0	733
800503		734	0	0	0	0	735
400004		626	0	0	0	0	0
400204		626	0	0	0	0	0
400304		626	0	0	0	0	0
400404		626	0	0	0	0	0
400504		626	0	0	0	0	0
700004		626	0	0	0	0	626
700204		626	0	0	0	0	626
700304		626	0	0	0	0	626
700404		626	0	0	0	0	626
700504		626	0	0	0	0	626
800004		646	0	0	0	0	646
800204		646	0	0	0	0	646
800304		646	0	0	0	0	646
800404		646	0	0	0	0	646
800504		646	0	0	0	0	646
400005		626	0	0	0	0	0
400205		626	0	0	0	0	0
400305		626	0	0	0	0	0
400405		626	0	0	0	0	0
400505		626	0	0	0	0	0
700005		626	0	0	0	0	626
700205		626	0	0	0	0	626
700305		626	0	0	0	0	626
700405		626	0	0	0	0	626
700505		626	0	0	0	0	626
800005		626	0	0	0	0	626
800205		626	0	0	0	0	626
800305		626	0	0	0	0	626
800405		626	0	0	0	0	626
800505		626	0	0	0	0	626
400006		640	0	0	0	0	0
400206		640	0	0	0	0	0
400306		640	0	0	0	0	0
400406		640	0	0	0	0	0
400506		640	0	0	0	0	0
700006		626	0	0	0	0	626
700206		626	0	0	0	0	626
700306		626	0	0	0	0	626
700406		626	0	0	0	0	626
700506		626	0	0	0	0	626
800006		626	0	0	0	0	626
800206		626	0	0	0	0	626
800306		626	0	0	0	0	626
800406		626	0	0	0	0	626
800506		626	0	0	0	0	626
400010		626	0	0	0	0	0
400210		626	0	0	0	0	0
400310		626	0	0	0	0	0
400410		626	0	0	0	0	0
400510		626	0	0	0	0	0
700010		626	0	0	0	0	626
700210		626	0	0	0	0	626
700310		626	0	0	0	0	626
700410		626	0	0	0	0	626
700510		626	0	0	0	0	626
800010		626	0	0	0	0	626
800210		626	0	0	0	0	626
800310		626	0	0	0	0	626
800410		626	0	0	0	0	626
800510		626	0	0	0	0	626
400011		626	0	0	0	0	0
400211		626	0	0	0	0	0
400311		626	0	0	0	0	0
400411		626	0	0	0	0	0
400511		626	0	0	0	0	0
700011		626	0	0	0	0	626
700211		626	0	0	0	0	626
700311		626	0	0	0	0	626
700411		626	0	0	0	0	626
700511		626	0	0	0	0	626
800011		626	0	0	0	0	626
800211		626	0	0	0	0	626
800311		626	0	0	0	0	626
800411		626	0	0	0	0	626
800511		626	0	0	0	0	626
400012		626	0	0	0	0	0
400212		626	0	0	0	0	0
400312		626	0	0	0	0	0
400412		626	0	0	0	0	0
400512		626	0	0	0	0	0
700012		626	0	0	0	0	626
700212		626	0	0	0	0	626
700312		626	0	0	0	0	626
700412		626	0	0	0	0	626
700512		626	0	0	0	0	626
800012		626	0	0	0	0	626
800212		626	0	0	0	0	626
800312		626	0	0	0	0	626
800412		626	0	0	0	0	626
800512		626	0	0	0	0	626
A106CD		629	0	0	0	0	629
A10ACD		630	0	0	0	0	630
A0074D		629	0	0	0	0	629
A0075D		630	0	0	0	0	630
A0076D		634	0	0	0	0	634
90071D		630	0	0	0	0	630
40071D		630	0	0	0	0	630
400094		631	0	0	0	0	0
400294		631	0	0	0	0	0
400394		631	0	0	0	0	0
400494		631	0	0	0	0	0
400594		631	0	0	0	0	0
700094		632	0	0	0	0	632
700294		632	0	0	0	0	632
700394		632	0	0	0	0	632
700494		632	0	0	0	0	632
700594		632	0	0	0	0	632
800094		633	0	0	0	0	633
800294		633	0	0	0	0	633
800394		633	0	0	0	0	633
800494		633	0	0	0	0	633
800594		633	0	0	0	0	633
400095		631	0	0	0	0	0
400295		631	0	0	0	0	0
400395		631	0	0	0	0	0
400495		631	0	0	0	0	0
400595		631	0	0	0	0	0
700095		632	0	0	0	0	632
700295		632	0	0	0	0	632
700395		632	0	0	0	0	632
700495		632	0	0	0	0	632
700595		632	0	0	0	0	632
800095		633	0	0	0	0	633
800295		633	0	0	0	0	633
800395		633	0	0	0	0	633
800495		633	0	0	0	0	633
800595		633	0	0	0	0	633
400096		631	0	0	0	0	0
400296		631	0	0	0	0	0
400396		631	0	0	0	0	0
400496		631	0	0	0	0	0
400596		631	0	0	0	0	0
700096		632	0	0	0	0	632
700296		632	0	0	0	0	632
700396		632	0	0	0	0	632
700496		632	0	0	0	0	632
700596		632	0	0	0	0	632
800096		633	0	0	0	0	633
800296		633	0	0	0	0	633
800396		633	0	0	0	0	633
800496		633	0	0	0	0	633
800596		633	0	0	0	0	633
A106BC		632	0	0	0	0	632
4006B2		635	0	0	0	0	0
7006B2		635	0	0	0	0	635
8006B2		635	0	0	0	0	635
A1030D		636	0	0	0	0	636
A0073D		636	0	0	0	0	636
A10363		638	0	0	0	0	638
A10163		638	0	0	0	0	638
A10763		638	0	0	0	0	638
A10963		638	0	0	0	0	638
A10B63		638	0	0	0	0	638
A10A63		638	0	0	0	0	638
910D63		645	0	0	0	0	645
A10E63		638	0	0	0	0	638
A10F63		641	0	0	0	0	641
A11063		641	0	0	0	0	641
A11263		641	0	0	0	0	641
A11163		641	0	0	0	0	641
A11663		641	0	0	0	0	641
411463		645	0	0	0	0	645
411763		645	0	0	0	0	645
412063		645	0	0	0	0	645
411563		645	0	0	0	0	645
A10563		641	0	0	0	0	641
40042B		639	0	0	0	0	639
70042B		639	0	0	0	0	639
80042B		639	0	0	0	0	639
400690		640	0	0	0	0	0
700690		640	0	0	0	0	640
800690		646	0	0	0	0	646
400031		627	0	0	0	0	0
400231		627	0	0	0	0	0
400331		627	0	0	0	0	0
400431		627	0	0	0	0	0
400531		627	0	0	0	0	0
400032		627	0	0	0	0	0
400232		627	0	0	0	0	0
400332		627	0	0	0	0	0
400432		627	0	0	0	0	0
400532		627	0	0	0	0	0
400033		627	0	0	0	0	0
400233		627	0	0	0	0	0
400333		627	0	0	0	0	0
400433		627	0	0	0	0	0
400533		627	0	0	0	0	0
700031		627	0	0	0	0	627
700231		627	0	0	0	0	627
700331		627	0	0	0	0	627
700431		627	0	0	0	0	627
700531		627	0	0	0	0	627
700032		627	0	0	0	0	627
700232		627	0	0	0	0	627
700332		627	0	0	0	0	627
700432		627	0	0	0	0	627
700532		627	0	0	0	0	627
700033		627	0	0	0	0	627
700233		627	0	0	0	0	627
700333		627	0	0	0	0	627
700433		627	0	0	0	0	627
700533		627	0	0	0	0	627
800031		627	0	0	0	0	627
800231		627	0	0	0	0	627
800331		627	0	0	0	0	627
800431		627	0	0	0	0	627
800531		627	0	0	0	0	627
800032		627	0	0	0	0	627
800232		627	0	0	0	0	627
800332		627	0	0	0	0	627
800432		627	0	0	0	0	627
800532		627	0	0	0	0	627
800033		627	0	0	0	0	627
800233		627	0	0	0	0	627
800333		627	0	0	0	0	627
800433		627	0	0	0	0	627
800533		627	0	0	0	0	627
411D1D		642	0	0	0	0	642
4006B3		643	0	0	0	0	0
7006B3		643	0	0	0	0	643
8006B3		643	0	0	0	0	643
4006B5		744	0	0	0	0	0
7006B5		744	0	0	0	0	744
8006B5		744	0	0	0	0	744
4006B6		739	0	0	0	0	0
7006B6		739	0	0	0	0	739
8006B6		739	0	0	0	0	739
400070		618	0	0	0	0	0
400270		618	0	0	0	0	0
400370		618	0	0	0	0	0
400470		618	0	0	0	0	0
400570		618	0	0	0	0	0
700070		618	0	0	0	0	618
700270		618	0	0	0	0	618
700370		618	0	0	0	0	618
700470		618	0	0	0	0	618
700570		618	0	0	0	0	618
800070		618	0	0	0	0	618
800270		618	0	0	0	0	618
800370		618	0	0	0	0	618
800470		618	0	0	0	0	618
800570		618	0	0	0	0	618
A0077D		644	0	0	0	0	644
4006B4		644	0	0	0	0	0
7006B4		644	0	0	0	0	644
8006B4		644	0	0	0	0	644
A106DE		644	0	0	0	0	644
40002D		644	0	0	0	0	0
70002D		644	0	0	0	0	644
80002D		644	0	0	0	0	644
90072D		644	0	0	0	0	644
40072D		644	0	0	0	0	644
A10FAB		647	0	0	0	0	647
A110AB		647	0	0	0	0	647
A112AB		742	0	0	0	0	742
A111AB		742	0	0	0	0	742
A1032A		648	0	0	0	0	648
A106AB		649	0	0	0	0	649
A10AAB		650	0	0	0	0	650
40003D		651	0	0	0	0	0
70003D		651	0	0	0	0	651
80003D		651	0	0	0	0	651
4006B7		651	0	0	0	0	0
7006B7		651	0	0	0	0	651
8006B7		651	0	0	0	0	651
400058		652	0	0	0	0	0
700058		652	0	0	0	0	652
800058		652	0	0	0	0	652
4006B8		653	0	0	0	0	0
7006B8		653	0	0	0	0	653
8006B8		653	0	0	0	0	653
400028		626	0	0	0	0	0
400228		626	0	0	0	0	0
400328		626	0	0	0	0	0
400428		626	0	0	0	0	0
400528		626	0	0	0	0	0
400029		626	0	0	0	0	0
400229		626	0	0	0	0	0
400329		626	0	0	0	0	0
400429		626	0	0	0	0	0
400529		626	0	0	0	0	0
400030		626	0	0	0	0	0
400230		626	0	0	0	0	0
400330		626	0	0	0	0	0
400430		626	0	0	0	0	0
400530		626	0	0	0	0	0
700028		626	0	0	0	0	626
700228		626	0	0	0	0	626
700328		626	0	0	0	0	626
700428		626	0	0	0	0	626
700528		626	0	0	0	0	626
700029		626	0	0	0	0	626
700229		626	0	0	0	0	626
700329		626	0	0	0	0	626
700429		626	0	0	0	0	626
700529		626	0	0	0	0	626
700030		626	0	0	0	0	626
700230		626	0	0	0	0	626
700330		626	0	0	0	0	626
700430		626	0	0	0	0	626
700530		626	0	0	0	0	626
800028		626	0	0	0	0	626
800228		626	0	0	0	0	626
800328		626	0	0	0	0	626
800428		626	0	0	0	0	626
800528		626	0	0	0	0	626
800029		626	0	0	0	0	626
800229		626	0	0	0	0	626
800329		626	0	0	0	0	626
800429		626	0	0	0	0	626
800529		626	0	0	0	0	626
800030		626	0	0	0	0	626
800230		626	0	0	0	0	626
800330		626	0	0	0	0	626
800430		626	0	0	0	0	626
800530		626	0	0	0	0	626
400684		626	0	0	0	0	0
700684		626	0	0	0	0	626
800684		626	0	0	0	0	626
4006B9		749	0	0	0	0	749
7006B9		750	0	0	0	0	750
8006B9		751	0	0	0	0	751
4006B0		752	0	0	0	0	752
7006B0		753	0	0	0	0	753
8006B0		754	0	0	0	0	754
40004D		660	0	0	0	0	0
70004D		660	0	0	0	0	660
80004D		660	0	0	0	0	660
A10353		736	0	0	0	0	736
A10153		736	0	0	0	0	736
A10753		736	0	0	0	0	736
A10953		736	0	0	0	0	736
A10B53		736	0	0	0	0	736
A10A53		736	0	0	0	0	736
910D53		736	0	0	0	0	736
A10E53		736	0	0	0	0	736
A10F53		736	0	0	0	0	736
A11053		736	0	0	0	0	736
A11253		736	0	0	0	0	736
A11153		736	0	0	0	0	736
A11653		736	0	0	0	0	736
411453		736	0	0	0	0	736
411753		736	0	0	0	0	736
412053		736	0	0	0	0	736
411553		736	0	0	0	0	736
A10553		736	0	0	0	0	736
40005D		737	0	0	0	0	0
70005D		737	0	0	0	0	737
80005D		737	0	0	0	0	737
4006C2		737	0	0	0	0	0
7006C2		737	0	0	0	0	737
8006C2		737	0	0	0	0	737
A10BBC		738	0	0	0	0	738
A10ABC		738	0	0	0	0	738
910DBC		738	0	0	0	0	738
A10FBC		738	0	0	0	0	738
4006C1		740	0	0	0	0	740
7006C1		740	0	0	0	0	740
8006C1		740	0	0	0	0	740
400660		741	0	0	0	0	741
700660		741	0	0	0	0	741
800660		741	0	0	0	0	741
40006D		743	0	0	0	0	0
70006D		743	0	0	0	0	743
80006D		743	0	0	0	0	743
910DAB		745	0	0	0	0	745
400099		746	0	0	0	0	746
400098		747	0	0	0	0	747
400097		746	0	0	0	0	746
400299		746	0	0	0	0	746
400298		747	0	0	0	0	747
400297		746	0	0	0	0	746
400399		746	0	0	0	0	746
400398		747	0	0	0	0	747
400397		746	0	0	0	0	746
400499		746	0	0	0	0	746
400498		747	0	0	0	0	747
400497		746	0	0	0	0	746
400599		746	0	0	0	0	746
400598		747	0	0	0	0	747
400597		746	0	0	0	0	746
700099		746	0	0	0	0	746
700098		746	0	0	0	0	746
700097		746	0	0	0	0	746
700299		746	0	0	0	0	746
700298		746	0	0	0	0	746
700297		746	0	0	0	0	746
700399		746	0	0	0	0	746
700398		746	0	0	0	0	746
700397		746	0	0	0	0	746
700499		746	0	0	0	0	746
700498		746	0	0	0	0	746
700497		746	0	0	0	0	746
700599		746	0	0	0	0	746
700598		746	0	0	0	0	746
700597		746	0	0	0	0	746
800099		746	0	0	0	0	746
800098		746	0	0	0	0	746
800097		746	0	0	0	0	746
800299		746	0	0	0	0	746
800298		746	0	0	0	0	746
800297		746	0	0	0	0	746
800399		746	0	0	0	0	746
800398		746	0	0	0	0	746
800397		746	0	0	0	0	746
800499		746	0	0	0	0	746
800498		746	0	0	0	0	746
800497		746	0	0	0	0	746
800599		746	0	0	0	0	746
800598		746	0	0	0	0	746
800597		746	0	0	0	0	746
A10364		756	0	0	0	0	756
A10164		757	0	0	0	0	757
910D64		756	0	0	0	0	756
A10E64		760	0	0	0	0	760
A10F64		756	0	0	0	0	756
A11264		758	0	0	0	0	758
411464		759	0	0	0	0	759
4006C3		755	0	0	0	0	755
7006C3		755	0	0	0	0	755
8006C3		755	0	0	0	0	755
400692		761	0	0	0	0	761
700692		761	0	0	0	0	761
800692		761	0	0	0	0	761
4006C4		762	0	0	0	0	762
7006C4		762	0	0	0	0	762
8006C4		762	0	0	0	0	762
400057		626	0	0	0	0	626
400257		626	0	0	0	0	626
400357		626	0	0	0	0	626
400457		626	0	0	0	0	626
400557		626	0	0	0	0	626
700057		626	0	0	0	0	626
700257		626	0	0	0	0	626
700357		626	0	0	0	0	626
700457		626	0	0	0	0	626
700557		626	0	0	0	0	626
800057		626	0	0	0	0	626
800257		626	0	0	0	0	626
800357		626	0	0	0	0	626
800457		626	0	0	0	0	626
800557		626	0	0	0	0	626
A10361		763	0	0	0	0	763
A10161		764	0	0	0	0	764
A10761		765	0	0	0	0	765
A10B61		766	0	0	0	0	766
910D61		767	0	0	0	0	767
A10E61		768	0	0	0	0	768
A10F61		769	0	0	0	0	769
A11661		770	0	0	0	0	770
411461		771	0	0	0	0	771
412061		772	0	0	0	0	772
A103EF		773	0	0	0	0	773
A106EF		773	0	0	0	0	773
A10AEF		773	0	0	0	0	773
A0078D		773	0	0	0	0	773
A0079D		773	0	0	0	0	773
A0070D		773	0	0	0	0	773
40007D		774	0	0	0	0	774
70007D		774	0	0	0	0	774
80007D		774	0	0	0	0	774
A10ADE		774	0	0	0	0	774
4006C5		774	0	0	0	0	774
7006C5		774	0	0	0	0	774
8006C5		774	0	0	0	0	774
400019		627	0	0	0	0	627
400020		627	0	0	0	0	627
400021		627	0	0	0	0	627
400219		627	0	0	0	0	627
400220		627	0	0	0	0	627
400221		627	0	0	0	0	627
400319		627	0	0	0	0	627
400320		627	0	0	0	0	627
400321		627	0	0	0	0	627
400419		627	0	0	0	0	627
400420		627	0	0	0	0	627
400421		627	0	0	0	0	627
400519		627	0	0	0	0	627
400520		627	0	0	0	0	627
400521		627	0	0	0	0	627
700019		627	0	0	0	0	627
700020		627	0	0	0	0	627
700021		627	0	0	0	0	627
700219		627	0	0	0	0	627
700220		627	0	0	0	0	627
700221		627	0	0	0	0	627
700319		627	0	0	0	0	627
700320		627	0	0	0	0	627
700321		627	0	0	0	0	627
700419		627	0	0	0	0	627
700420		627	0	0	0	0	627
700421		627	0	0	0	0	627
700519		627	0	0	0	0	627
700520		627	0	0	0	0	627
700521		627	0	0	0	0	627
800019		627	0	0	0	0	627
800020		627	0	0	0	0	627
800021		627	0	0	0	0	627
800219		627	0	0	0	0	627
800220		627	0	0	0	0	627
800221		627	0	0	0	0	627
800319		627	0	0	0	0	627
800320		627	0	0	0	0	627
800321		627	0	0	0	0	627
800419		627	0	0	0	0	627
800420		627	0	0	0	0	627
800421		627	0	0	0	0	627
800519		627	0	0	0	0	627
800520		627	0	0	0	0	627
800521		627	0	0	0	0	627
4006C6		775	0	0	0	0	775
7006C6		775	0	0	0	0	775
8006C6		775	0	0	0	0	775
400054		627	0	0	0	0	627
400055		627	0	0	0	0	627
400056		627	0	0	0	0	627
400254		627	0	0	0	0	627
400255		627	0	0	0	0	627
400256		627	0	0	0	0	627
400354		627	0	0	0	0	627
400355		627	0	0	0	0	627
400356		627	0	0	0	0	627
400454		627	0	0	0	0	627
400455		627	0	0	0	0	627
400456		627	0	0	0	0	627
400554		627	0	0	0	0	627
400555		627	0	0	0	0	627
400556		627	0	0	0	0	627
700054		627	0	0	0	0	627
700055		627	0	0	0	0	627
700056		627	0	0	0	0	627
700254		627	0	0	0	0	627
700255		627	0	0	0	0	627
700256		627	0	0	0	0	627
700354		627	0	0	0	0	627
700355		627	0	0	0	0	627
700356		627	0	0	0	0	627
700454		627	0	0	0	0	627
700455		627	0	0	0	0	627
700456		627	0	0	0	0	627
700554		627	0	0	0	0	627
700555		627	0	0	0	0	627
700556		627	0	0	0	0	627
800054		627	0	0	0	0	627
800055		627	0	0	0	0	627
800056		627	0	0	0	0	627
800254		627	0	0	0	0	627
800255		627	0	0	0	0	627
800256		627	0	0	0	0	627
800354		627	0	0	0	0	627
800355		627	0	0	0	0	627
800356		627	0	0	0	0	627
800454		627	0	0	0	0	627
800455		627	0	0	0	0	627
800456		627	0	0	0	0	627
800554		627	0	0	0	0	627
800555		627	0	0	0	0	627
800556		627	0	0	0	0	627
A101AB		776	0	0	0	0	776
90076B		627	0	0	0	0	627
40076B		627	0	0	0	0	627
4006C7		777	0	0	0	0	777
7006C7		777	0	0	0	0	777
8006C7		777	0	0	0	0	777

40008D		778	0	0	0	0	778
40009D		779	0	0	0	0	779
70008D		778	0	0	0	0	778
70009D		779	0	0	0	0	779
80008D		778	0	0	0	0	778
80009D		779	0	0	0	0	779
400695		780	0	0	0	0	780
400694		781	0	0	0	0	781
400689		782	0	0	0	0	782
700695		780	0	0	0	0	780
700694		781	0	0	0	0	781
700689		782	0	0	0	0	782
800695		780	0	0	0	0	780
800694		781	0	0	0	0	781
800689		782	0	0	0	0	782
4006C8		783	0	0	0	0	783
7006C8		783	0	0	0	0	783
8006C8		783	0	0	0	0	783
40002E		783	0	0	0	0	783
70002E		783	0	0	0	0	783
80002E		783	0	0	0	0	783
A106FA		784	0	0	0	0	784
							
40003E		785	0	0	0	0	785
40004E		786	0	0	0	0	786
40005E		787	0	0	0	0	787
70003E		785	0	0	0	0	785
70004E		785	0	0	0	0	785
70005E		785	0	0	0	0	785
80003E		786	0	0	0	0	786
80004E		786	0	0	0	0	786
80005E		786	0	0	0	0	786
4006C9		788	0	0	0	0	788
7006C9		789	0	0	0	0	789
8006C9		790	0	0	0	0	790